0.0313954,0.00298564,0.00318271,0.0294741,0.0287422,0.044232,0.00349214,0.00202502,0.0349722,0.0318276,0.00421877,0.0344804,0.00458136,0.0350796,0.00389479,0.00368453,0.00337788,0.0029042,0.00403071,0.00430511,0.00364028,0.00423798,0.00342763,0.00245485,0.00234983,0.0028019,0.00282241,0.00288379,0.00340775,0.00249144,0.00247577,0.00359101,0.00295514,0.0038363,0.194877,0.00294496,0.0027351,0.00335795,0.00365996,0.00324296,0.00316762,0.0027351,0.00315756,0.00354657,0.00282753,0.00248099,0.00231292,0.00259555,0.00356633,0.00299579,0.00268355,0.00229178,0.00255919,0.00257478,0.0395801,0.194285,0.00220694,0.00224942,0.00253837,0.00179144,0.00256439,0.00237615,0.00264219,0.0022812,0.0308983,0.0387392,0.00282753,0.0406187,0.0300798,0.00179144,0.0322047,0.0411762,0.00327302,0.00246008,0.00170343,0.00211092,0.00513036,0.00126997,0.00163699,0.00131586,0.00198187,0.00192232,0.00191689,0.194543,0.0019006,0.001559,0.00158691,0.00179692,0.00157576,0.00124117,0.0011309,0.000983551,0.000989498,0.0012007,0.000869622,0.000953744,0.00167025,0.00113673,0.00103691,0.000673152,0.0022812,0.001031,0.000869622,0.0010664,0.0285739,0.0273063,0.00139565,0.0289426,0.0381807,0.00109578,0.0011833,0.00109578,0.0326183,0.00153661,0.000747579,0.00103691,0.00168685,0.194174,0.00218033,0.00305155,0.0327058,0.00231292,0.00168132,0.00131014,0.0321922,0.00189516,0.0294419,0.120146,0.123222,0.0319974,0.0527483,0.0438992,0.0318779,0.0326495,0.516585,0.026576,0.0327464,0.00216434,0.001944,0.0391529,0.0337389,0.00225472,0.00119491,0.0316889,0.0323365,0.0019006,0.00300594,0.00117168,0.0314744,0.00204654,0.00178596,0.00112505,0.0288295,0.0011309,0.00113673,0.00114257,0.00167025,0.00157017,0.0012872,0.00201963,0.0357125,0.00161476,0.00195483,0.00162032,0.0274177,0.000983551,0.00105462,0.00141833,0.00201963,0.0011484,0.00141267,0.00182428,0.00146355,0.00145791,0.00154221,0.001031,0.00150857,0.00179692,0.00169238,0.0316164,0.00211627,0.0023551,0.00146919,0.00177498,0.00178596,0.0238461,0.00164809,0.0265397,0.00198727,0.194604,0.0012354,0.00149733,0.032612,0.00256958,0.00191146,0.0265397,0.0278295,0.0278816,0.0279338,0.00282241,0.031506,0.00141833,0.00132158,0.00126422,0.00224412,0.0270963,0.00178047,0.00179692,0.0337637,0.00254358,0.00212696,0.0278849,0.00241817,0.0271783,0.0326339,0.0332919,0.00249144,0.0300478,0.00177498,0.0023182,0.0016092,0.0273849,0.0269319,0.00602379,0.00282753,0.00311219,0.0012065,0.00272995,0.00286846,0.00491109,0.0033729,0.00246008,0.0348894,0.00345247,0.0442234,0.00198727,0.0034475,0.00237615,0.00307178,0.00406457,0.00395313,0.00359594,0.00450069,0.0035169,0.0299583,0.0311867,0.00433382,0.00344254,0.00368453,0.00368944,0.00295005,0.00416106,0.0029042,0.0279403,0.00309705,0.00283265,