0.0132414,0.0132482,0.0136314,0.0138018,0.0128557,0.0131108,0.0135905,0.013286,0.0133305,0.0131108,0.0132208,0.0136928,0.0134127,0.0138324,0.0128592,0.0133716,0.0130867,0.0132002,0.0130901,0.012835,0.0134196,0.0136212,0.0131211,0.0131486,0.0132516,0.0136826,0.0135563,0.0132791,0.0131039,0.0133614,0.0135871,0.0128903,0.0130213,0.0134025,0.0130661,0.013447,0.0131452,0.012752,0.0128454,0.0130867,0.013097,0.0131658,0.0131349,0.0132105,0.012911,0.0128799,0.0128903,0.0133442,0.0131589,0.0130695,0.0131795,0.0132997,0.0136144,0.0133888,0.0131245,0.0130488,0.013286,0.0128557,0.012911,0.0133408,0.0129351,0.0129731,0.0131142,0.0134127,0.0126516,0.0132002,0.0131795,0.0136655,0.0137848,0.01331,0.0129937,0.0132139,0.0131933,0.0130488,0.0130454,0.0130179,0.0132619,0.0130764,0.012759,0.012759,0.0135598,0.0134401,0.0131383,0.0132551,0.0129489,0.0126204,0.0130041,0.0130936,0.0132105,0.0134675,0.0131658,0.0125267,0.0133614,0.0130006,0.0131108,0.0127001,0.0129731,0.0131727,0.0128074,0.0126447,0.0130557,0.0127451,0.0131383,0.0131692,0.0137337,0.0131589,0.0130936,0.012942,0.0132379,0.013128,0.0132414,0.0128765,0.0208308,0.0197638,0.0204548,0.0128903,0.0129041,0.012759,0.0131795,0.0132002,0.0129248,0.0129144,0.0127347,0.0128177,0.013097,0.0136075,0.0129213,0.0245194,0.410659,0.0202022,0.0131383,0.0132379,0.0131555,0.0134025,0.0134264,0.013183,0.0131073,0.0129558,0.0130661,0.0133408,0.0131452,0.0132208,0.0132585,0.0131452,0.0129627,0.0129282,0.0132002,0.0132928,0.0130901,0.0128523,0.0133511,0.0135358,0.0127935,0.0129627,0.0134298,0.0131142,0.0126793,0.0128454,0.012911,0.0132345,0.0128799,0.0130592,0.0127174,0.013975,0.0128868,0.0132997,0.0127624,0.012873,0.0132242,0.0128834,0.0129489,0.0128143,0.0133853,0.0130729,0.0129213,0.0130661,0.0131108,0.0131417,0.0128385,0.013183,0.0131452,0.0128039,0.0134538,0.0135256,0.0131005,0.0131005,0.013183,0.0127174,0.0133716,0.0130936,0.0129799,0.0131039,0.0128039,0.0135222,0.0130867,0.0135051,0.0129041,0.0133682,0.0130213,0.0130798,0.0129731,0.012873,0.0130075,0.0130282,0.0128661,0.0133579,0.0131589,0.0132002,0.0132139,0.0129799,0.0130075,0.0132379,0.0130213,0.0130523,0.0129627,0.0132414,0.0131142,0.0129213,0.0128212,0.0130351,0.0129731,0.0131589,0.0131245,0.0132619,0.0129627,0.0133888,0.0134504,0.013334,0.0129317,0.0135734,0.0132688,0.0127797,0.0130557,0.0133305,0.0133134,0.0128212,0.0134983,0.0130144,0.0140395,0.0129731,0.0132757,0.0137371,0.0134162,0.0134641,0.0134504,0.0133442,0.0129351,0.0129455,0.0130798,0.0135666,0.0134538,0.0131795,0.0132208,0.0132379,0.0129455,0.0129282,