0.0196721,0.0307687,0.0173009,0.0286594,0.0208327,0.027341,0.0173009,0.0284955,0.018404,0.0257538,0.0156154,0.0366506,0.0176703,0.0280846,0.0167433,0.0244831,0.0208327,0.0257538,0.0173934,0.0255853,0.0181297,0.0270088,0.0186774,0.025332,0.0192215,0.0249084,0.0183127,0.0247385,0.0168365,0.0254165,0.0184953,0.0261738,0.0188592,0.0250781,0.0188592,0.0255853,0.0178544,0.0258379,0.0168365,0.0256696,0.0182212,0.0257538,0.0195822,0.0255009,0.0175781,0.0265922,0.0173009,0.0243978,0.0177624,0.0255853,0.0170226,0.0265922,0.0184953,0.026006,0.0170226,0.0249933,0.0198517,0.0255853,0.0188592,0.0262576,0.0171155,0.0265086,0.0187683,0.0269256,0.0193118,0.0367272,0.0201204,0.0275894,0.019131,0.0255009,0.018038,0.0265086,0.0201204,0.0265922,0.0199413,0.0269256,0.0168365,0.0265086,0.0192215,0.0257538,0.020744,0.0275894,0.0196721,0.0271751,0.0185864,0.0269256,0.0208327,0.0276721,0.0185864,0.0271751,0.018038,0.0246534,0.0173009,0.0252474,0.0182212,0.025332,0.0193118,0.0244831,0.0178544,0.0275067,0.0175781,0.0257538,0.0173934,0.0269256,0.0306079,0.0283313,0.018038,0.0655986,0.0190405,0.0265922,0.019131,0.0287413,0.0177624,0.0287413,0.0187683,0.0268424,0.019131,0.027092,0.018038,0.0293127,0.0216272,0.0258379,0.0201204,0.026759,0.0178544,0.0278373,0.0184953,0.032603,0.508818,0.0337842,0.0188592,0.0390795,0.0243978,0.0256696,0.0181297,0.0256696,0.0210983,0.026006,0.019131,0.0263414,0.0225019,0.0243978,0.0185864,0.0299621,0.0214513,0.0258379,0.0182212,0.0256696,0.0211867,0.0258379,0.0178544,0.02609,0.0202097,0.0257538,0.0171155,0.025922,0.0201204,0.0235407,0.0185864,0.0256696,0.0391547,0.0249933,0.018038,0.026006,0.0410953,0.0275894,0.018038,0.027092,0.0184953,0.0302047,0.0195822,0.030043,0.0204773,0.0293127,0.0210099,0.0278373,0.0228494,0.025922,0.0184953,0.0289048,0.0182212,0.0255009,0.0173934,0.0261738,0.0184953,0.0255009,0.0185864,0.025332,0.019402,0.0252474,0.018038,0.0258379,0.0184953,0.0299621,0.0203882,0.0298001,0.019402,0.0280846,0.0198517,0.0265922,0.019402,0.027092,0.019402,0.026425,0.0194922,0.0258379,0.0177624,0.0277547,0.0241414,0.0301239,0.0218028,0.0321272,0.0218905,0.03125,0.0250781,0.0295566,0.0210099,0.0281669,0.0181297,0.0278373,0.0188592,0.0251628,0.0203882,0.0299621,0.0168365,0.0338625,0.0198517,0.0308491,0.0225889,0.0427166,0.020299,0.0257538,0.0422027,0.0371095,0.0317293,0.026425,0.0274239,0.0279198,0.029394,0.0407985,0.023282,0.0247385,0.0304468,0.0374906,0.0346432,0.0351868,0.0195822,0.027341,0.0188592,0.0280022,0.0184953,0.0247385,0.018404,0.0271751,0.018404,0.027341,